SP3 (cidades de N a V) e Paraná - Outras Bandeiras

  Classes      Frequência    F-Relativa    Media    Mediana    Moda    Variância    Desvio Padrão    Erro Padrão    Coeficiente de Variação     %     % Acumulada
------------  ------------  ------------  -------  ---------  ------  -----------  ---------------  -------------  -------------------------  -----  -------------
6.490|-6.681       23          0.052       6.595     6.599    6.599    0.002367       0.048657        0.010146               0.738            0.052      0.052
6.681|-6.872       45          0.102       6.77      6.79      6.79    0.002541        0.05041        0.007515               0.745            0.102      0.154
6.872|-7.063      102          0.231       6.954     6.97     6.899    0.002471       0.049713        0.004922               0.715            0.231      0.385
7.063|-7.254       96          0.218       7.144     7.14     7.099    0.002766       0.052592        0.005368               0.736            0.218      0.603
7.254|-7.444       96          0.218       7.336     7.31     7.299    0.002332       0.048294        0.004929               0.658            0.218      0.821
7.444|-7.635       67          0.152       7.541     7.54     7.499     0.00246       0.049602         0.00606               0.658            0.152      0.973
7.635|-7.826       5           0.011       7.775     7.79      7.79    0.001844       0.042945        0.019206               0.552            0.011      0.984
7.826|-8.017       2           0.005       7.949     7.949    7.899      0.005        0.070711          0.05                 0.89             0.005      0.989
8.017|-8.208       1           0.002       8.099     8.099    8.099        0              0               0                    0              0.002      0.991
8.208|-8.400       4           0.009       8.347     8.349    8.399    0.003654       0.060445        0.030222               0.724            0.009        1

0.191 tamanho das classes
10 numero de classes
441 tamanho da amostra

