SP3 (cidades de N a V) e Paraná - Bandeiras Nacionais

  Classes      Frequência    F-Relativa    Media    Mediana    Moda    Variância    Desvio Padrão    Erro Padrão    Coeficiente de Variação     %     % Acumulada
------------  ------------  ------------  -------  ---------  ------  -----------  ---------------  -------------  -------------------------  -----  -------------
6.470|-6.751       1           0.003       6.47      6.47      6.47        0              0               0                    0              0.003      0.003
6.751|-7.032       48          0.152       6.941     6.979    6.999    0.005313       0.072892        0.010521               1.05             0.152      0.156
7.032|-7.313      117          0.371       7.194     7.199    7.199    0.006473       0.080452        0.007438               1.118            0.371      0.527
7.313|-7.594       89          0.283       7.479     7.49      7.59    0.005651       0.075175        0.007969               1.005            0.283      0.81
7.594|-7.875       47          0.149       7.679     7.699    7.699    0.004342       0.065891        0.009611               0.858            0.149      0.959
7.875|-8.156       7           0.022       7.998     7.999    7.999    0.003345       0.057835         0.02186               0.723            0.022      0.981
8.156|-8.437       1           0.003       8.299     8.299    8.299        0              0               0                    0              0.003      0.984
8.437|-8.718       1           0.003       8.599     8.599    8.599        0              0               0                    0              0.003      0.987
8.718|-9.000       4           0.013       8.999     8.999    8.999        0              0               0                    0              0.013        1

0.281 tamanho das classes
9 numero de classes
315 tamanho da amostra

