SP3 (cidades de N a V) e Paraná - Interior

  Classes      Frequência    F-Relativa    Media    Mediana    Moda    Variância    Desvio Padrão    Erro Padrão    Coeficiente de Variação     %     % Acumulada
------------  ------------  ------------  -------  ---------  ------  -----------  ---------------  -------------  -------------------------  -----  -------------
6.499|-6.679       14          0.027        6.6      6.599    6.599    0.002037       0.045135        0.012063               0.684            0.027      0.027
6.679|-6.859       38          0.073       6.775     6.79      6.79     0.00213       0.046152        0.007487               0.681            0.073      0.099
6.859|-7.039      106          0.202       6.952     6.969    6.999    0.002138       0.046242        0.004491               0.665            0.202      0.302
7.039|-7.219      139          0.265       7.136     7.14     7.099    0.002656       0.051533        0.004371               0.722            0.265      0.567
7.219|-7.399      113          0.216       7.319     7.299     7.29    0.002089       0.045703        0.004299               0.624            0.216      0.782
7.399|-7.579       77          0.147       7.482     7.49      7.49    0.001593        0.03991        0.004548               0.533            0.147      0.929
7.579|-7.759       31          0.059       7.621     7.599    7.599    0.002031       0.045065        0.008094               0.591            0.059      0.989
7.759|-7.939       1           0.002       7.799     7.799    7.799        0              0               0                    0              0.002      0.99
7.939|-8.119       3           0.006       8.032     7.999    7.999    0.003333       0.057735        0.033333               0.719            0.006      0.996
8.119|-8.300       2           0.004       8.294     8.294     8.29     4.1e-05       0.006364         0.0045                0.077            0.004        1

0.18 tamanho das classes
10 numero de classes
524 tamanho da amostra

