SP3 (cidades de N a V) e Paraná - Metrópolis

  Classes      Frequência    F-Relativa    Media    Mediana    Moda    Variância    Desvio Padrão    Erro Padrão    Coeficiente de Variação     %     % Acumulada
------------  ------------  ------------  -------  ---------  ------  -----------  ---------------  -------------  -------------------------  -----  -------------
6.470|-6.751       15          0.065       6.619     6.599    6.599    0.006846       0.082742        0.021364               1.25             0.065      0.065
6.751|-7.032       40          0.172       6.922     6.899     6.99    0.005653       0.075186        0.011888               1.086            0.172      0.237
7.032|-7.313       58           0.25       7.206     7.199    7.299    0.006747        0.08214        0.010785               1.14             0.25       0.487
7.313|-7.594       59          0.254       7.492     7.499     7.59    0.007799       0.088314        0.011497               1.179            0.254      0.741
7.594|-7.875       45          0.194       7.681     7.69     7.599    0.005594       0.074796         0.01115               0.974            0.194      0.935
7.875|-8.156       7            0.03       7.983     7.999    7.999    0.004731       0.068779        0.025996               0.862            0.03       0.966
8.156|-8.437       3           0.013       8.366     8.399    8.399    0.003333       0.057735        0.033333               0.69             0.013      0.978
8.437|-8.718       1           0.004       8.599     8.599    8.599        0              0               0                    0              0.004      0.983
8.718|-9.000       4           0.017       8.999     8.999    8.999        0              0               0                    0              0.017        1

0.281 tamanho das classes
9 numero de classes
232 tamanho da amostra

