Paraná - Preço da GA

  Classes      Frequência    F-Relativa    Media    Mediana    Moda    Variância    Desvio Padrão    Erro Padrão    Coeficiente de Variação     %     % Acumulada
------------  ------------  ------------  -------  ---------  ------  -----------  ---------------  -------------  -------------------------  -----  -------------
6.599|-6.788       2           0.008       6.599     6.599    6.599        0              0               0                    0              0.008      0.008
6.788|-6.977       11          0.043       6.952     6.96      6.97    0.000568       0.023826        0.007184               0.343            0.043      0.05
6.977|-7.166       29          0.112       7.073     7.09      6.99    0.004115       0.064148        0.011912               0.907            0.112      0.163
7.166|-7.355       59          0.229       7.277     7.29      7.29    0.002674       0.051707        0.006732               0.711            0.229      0.391
7.355|-7.543       86          0.333       7.451     7.47      7.49    0.002616       0.051149        0.005516               0.687            0.333      0.725
7.543|-7.732       66          0.256       7.608     7.59      7.59    0.001993       0.044642        0.005495               0.587            0.256      0.981
7.732|-7.921       2           0.008       7.825     7.825     7.75    0.011101       0.105359         0.0745                1.347            0.008      0.988
7.921|-8.110       1           0.004       8.099     8.099    8.099        0              0               0                    0              0.004      0.992
8.110|-8.300       2           0.008       8.294     8.294     8.29     4.1e-05       0.006364         0.0045                0.077            0.008        1

0.1888888888888888 tamanho das classes
9 numero de classes
258 tamanho da amostra

