SP3 (cidades de N a V) - Preço da GA

  Classes      Frequência    F-Relativa    Media    Mediana    Moda    Variância    Desvio Padrão    Erro Padrão    Coeficiente de Variação     %     % Acumulada
------------  ------------  ------------  -------  ---------  ------  -----------  ---------------  -------------  -------------------------  -----  -------------
6.470|-6.751       36          0.072       6.634     6.645    6.599    0.005371       0.073287        0.012215               1.105            0.072      0.072
6.751|-7.032      155          0.311       6.913     6.899    6.999    0.006189       0.078667        0.006319               1.138            0.311      0.384
7.032|-7.313      201          0.404       7.183     7.19     7.099    0.006894       0.083031        0.005857               1.156            0.404      0.787
7.313|-7.594       55           0.11       7.447     7.44     7.499    0.004501       0.067091        0.009047               0.901            0.11       0.898
7.594|-7.875       35           0.07       7.692     7.699    7.599    0.006483       0.080517         0.01361               1.047            0.07       0.968
7.875|-8.156       8           0.016       7.998     7.999    7.999    0.002867       0.053547        0.018932               0.67             0.016      0.984
8.156|-8.437       3           0.006       8.366     8.399    8.399    0.003333       0.057735        0.033333               0.69             0.006      0.99
8.437|-8.718       1           0.002       8.599     8.599    8.599        0              0               0                    0              0.002      0.992
8.718|-9.000       4           0.008       8.999     8.999    8.999        0              0               0                    0              0.008        1

0.281 tamanho das classes
9 numero de classes
498 tamanho da amostra

